512939000
904779694
1148246574
2119450283
916777584
685431118
1674083904
831820162
57559586
1566894171
304800461
57190125
351450217
1691675743
232431868
1500944468
713506906
964894582
2059122209
1499666306
6875443
956571866
694445187
1137143106
1328566769
1354786314
1643912760
544901010
858583037
540628119
51051565
866808198
1927474950
954855051
1824678722
662646460
722092010
610638710
1173330322
777360504
1889690829
1823881238
1792224720
95443548
1578478669
1235433122
195310284
1936145605
1881124300
2048801203
246706453
1358932676
894826732
1747858384
1494929593
1377311159
1424951833
1576580500
983260456
2047260804
1037219391
1956230270
1784177975
333306993
524312477
334804053
2010011968
1519657379
1267361201
1915673910
1054091622
1387518258
279667283
1219504188
536086006
1532296933
1492182494
2080533706
1284277225
1121882255
1220576392
910669943
1441286022
1086308613
1085744851
1978530711
402290468
1033838778
1915727644
39629922
634411021
788887034
113059409
255451844
724342655
871079615
41271744
1999515328
38199756
1215198771
