914432139
338716982
686410059
1549121054
958433078
533776802
1617453974
675246235
125456239
417071066
797393249
137103314
1656707333
441622416
1942943154
836030436
1315889611
1600072769
298118073
725634170
591039217
785123610
1130809718
2034285505
1983652206
1142439302
1506679415
1147541253
1518484377
1820309592
1556391103
1270956777
1559748055
380394386
1408625091
850905409
1098676335
2106571472
477132174
92477068
918859898
1320818260
2054274564
74175761
980518390
1224850607
2099344451
1744936852
1053985017
840342792
739068453
1108927925
555806722
1934652428
1527008738
1004305382
1691124075
71474546
813768147
777908487
1271947770
50803753
256136785
543646624
1276443287
1063504673
1496628156
461582522
1740982041
1099212979
909165207
249132634
1565589561
867176110
1028995025
910754715
1488597672
1990310143
74902302
245428327
1508111676
987192572
608787844
1991882450
1140920389
1486459725
1175098866
1677740051
1411155966
1905866359
699162122
1299396383
1965235232
2016403463
2071283968
565818083
636743312
575852119
35128986
494774814
1391436600
330439936
140878935
2049839834
2069916402
938662364
136806060
543420293
688556961
303112374
142066793
1945390000
1146885978
828376977
1564184123
1944259171
455845056
1911539089
625978442
1099825178
1709242990
570367626
1906928642
1176859233
744472460
925089060
859748336
1803466503
1211851653
1420150184
874320834
1595886850
1572638415
1405455209
1741493873
1068132575
1815318249
585560785
2014848122
591433444
85479267
814524935
799034439
276853956
2142212631
54919738
1469466285
491914493
494286965
1389679501
2136456591
974650834
2106494972
897414559
1811946143
586302944
2012787653
759789237
1964523588
587378784
1000224057
1285970823
917876376
1086819064
1565154787
1792299428
1050654344
37416765
1688960096
598564482
1905884447
1226535370
1552862835
2047620390
2044309724
456288502
1003469365
153255020
1143272255
557163828
906766442
1241575412
739121251
1554388236
691728878
605054377
28278469
1063939762
81687118
132211183
1977803042
1585224000
2010935667
1009288296
565257343
896675733
69580408
1066973028
1485423682
513021641
1449833885
741387235
317300350
540983884
155183957
136301639
848495180
335830938
493590138
1446997915
1584726612
1747174301
230663073
1591719802
285093227
1006277535
251509639
1978933917
1207365462
1640416233
1760593578
69369349
188873645
586360317
1011111924
628588225
874857691
434921581
567971986
221179484
522461506
548883031
2004233956
1454502887
521887867
1675052157
265624205
2001511327
1666855611
86166021
951115689
1657052986
1342104657
596513482
1356507934
1368207571
1846316876
1331118428
517044747
644999791
1067386169
1123890843
1911459422
299332651
1987334921
950125803
1018387074
1791152900
1406624017
1250532628
2131047989
1548882499
116216108
1610084025
777408119
366336387
564092155
860444275
218129054
1793726816
116725325
982602634
9240711
1348769982
1540295577
985079631
829428199
1565707443
2058351272
432168985
1223994559
1898775826
1824693072
1163252186
1089026286
142317461
262999130
366845533
1662459104
403395494
1965378693
928562974
367215460
1595484362
1824684452
25191109
582479004
1865517482
172814306
403042369
254630925
1132377536
1023042342
810541438
1785599447
160019354
313453713
1445416898
1714191614
2107925966
329920036
1472965545
2026554598
1240450171
119000703
427801275
1915963357
785900919
300723908
544904359
1701737683
663756058
728652954
920189471
1734649381
1865687462
601383502
559349583
848122774
5749586
32192275
434086907
481440094
1201482482
1038791018
1996460852
109309533
2063798596
1338899869
1235346614
1705468776
1973240025
960576101
1943099873
339551684
1056474269
45677995
304492626
299011761
1428161797
1197089643
95437854
1883925021
12293589
570190005
1462688682
750558842
1856558732
1949594830
1642272554
196034473
241545068
926552691
568303028
645963541
2134988073
1338604349
1325908480
1283525341
674340142
1038792480
479852735
506727977
1509756038
502805005
12917396
1067197598
96906094
829278648
1711639475
477164268
1099908980
1444656500
1753154325
634336900
1905290827
1030539833
1842957141
628276839
1259342639
1235598536
569505578
704503578
1611673839
1685791717
1805296513
660009910
28129948
2067143875
976945463
1557896731
1505037516
620467070
1898414192
1781700677
1571086731
97014210
2071009175
637536439
1919396063
1014240649
545275890
1288530963
797288439
1840255489
647291360
825574859
1654038767
630807691
635865778
1106504178
1666346306
1396565984
423355940
2046939692
573609165
1299894094
1158026615
795938756
1975913340
1090835488
1140596268
1989053660
647552915
1079512860
159140446
14741183
546587291
903477286
305984701
103418707
423884519
919143938
11786787
1974272938
556059586
348604471
1941088980
785003959
88633911
2013363471
1286157655
1789089565
266703995
1397376442
459875563
1611475747
382843387
1981364882
1556934056
481912260
82911742
274186617
1071849524
1633316323
402743031
1566681182
735641374
598462620
1097210986
884843999
863162330
1139103670
1533811064
133300744
118358361
676058420
1131217417
1469827386
194044485
678549003
1023373460
1655900967
485310678
594251245
227082894
1607256058
1100410452
1675390532
1321011565
1364413843
1596244009
1064958522
7406167
1027073776
1055017122
210143733
660119148
44883879
620896578
1207946976
1900922284
455409039
570704067
1038617380
493198983
1866838655
1902212778
1733168695
618284032
382429230
977585797
1722230923
39941245
1739810874
1219296452
1271883878
176366381
1400177220
979138354
1085772241
763852310
684438072
555924238
730686378
2034391738
934160554
2062226122
572644309
1459321701
1604990812
691342687
2107264143
1251213078
891012060
1355766091
674510050
1752702471
1605698122
1702565160
640740917
2122396891
917527096
2066042858
1442668795
21864548
149452714
21369525
997921420
375278606
790178364
5238361
437452304
2015263979
2094257251
445687403
1980746391
175702875
1130122443
2031301633
1321472070
627481943
1154429920
1402796553
1364885165
697561946
868278121
1147381063
720950836
913979886
1947475534
171364841
1429980850
1336680911
1866086010
1848651976
1092674848
826892477
478256859
1043236413
2069170786
874888419
732895110
923499678
347114821
768943327
485810680
1849812052
529525127
370998894
1872100216
574200730
2110686735
451114421
1681873816
71825364
1821535293
1211643694
796874969
994519689
99803740
673095213
1004762478
1326758911
972094260
200802830
2085025305
1676596594
525880508
678259710
165725490
36287728
1527717869
1327669090
1019560903
1857176788
339774386
1810956007
955828956
1088975069
1790971132
881293351
268025555
304837354
1244483057
833961973
452277991
1553723732
819457604
1542965573
986143442
1555785960
2018393760
1707147451
546879631
575536255
1409220926
468809422
1853617210
1071342652
931488150
1758642841
788747283
1593661026
590837041
1377371966
1132186273
234185680
1568847773
464987639
712196339
510255641
1604785018
373278394
1971979009
1565072708
1670916786
1489371528
40587314
441166621
274051014
1985155667
1162293751
771906102
755417667
1790124426
594008724
1432999550
246505555
1882311490
1553919487
1900395899
1470504815
1753198338
778778337
2007399463
600407602
553972267
838691257
580448357
1558659401
720977666
919255072
766797854
995192199
408447580
675681831
212547580
676565269
1356040677
180696028
281789379
1654402503
1741743372
262425836
237204039
1808348809
2064239247
864817250
1884464910
2128720376
1727788190
896467597
1119386498
1624617997
332711343
1703402240
1091473874
1597964532
894912477
1601732787
1484323687
1370475259
253917437
163669575
1930677503
201465253
1263275328
1631791207
281516647
863086559
605844094
1568174154
21476313
1978840906
1702592037
1874082901
2016452335
1314150071
65654717
1561383132
854254915
1835573681
1146720791
1912451849
1071510182
1741520691
175760658
1268723669
1094737145
304158074
481483273
1285034292
1460572075
496003317
1388612828
679363406
1627813071
971225178
744129433
88427495
1788237273
529745874
2022514376
1215665631
286707189
489188692
819823696
624276181
1275807747
978964495
643108617
270193895
86123059
1846471937
2092428511
1753735829
1910845754
702943909
1456158111
2033624772
220003630
1461265865
438920289
410828510
1165275652
2026938749
1839512979
487983382
2006080931
1010394152
1365625758
1608021193
1261876644
1042873268
2087500854
1909536512
514932393
2045068009
41879619
2131330322
1571376983
1608466904
746025063
1085347687
361367793
1123967853
302315564
2144261719
845610898
379073064
1606822347
402404144
1150348295
662826469
704154779
1714802518
887972167
1257008343
659085333
445920133
840572815
990894483
1196363136
1592359219
1779711774
53739592
764035645
334293009
891620490
1132133645
1994556593
283879855
182063294
2082422099
695461322
520475967
1718312593
1286792826
1129074992
49362289
1422581763
763220863
1433828874
2066696830
1296629014
2021161938
667345514
1924803137
837195335
1739928901
1141125974
1501823103
61992104
1567515425
1658035060
249499975
1368109467
1703363667
988377681
35667829
1577785388
1245065924
1040309838
967588176
395010572
552224198
61958951
675253587
156959270
1181444521
1322532641
1438910729
1714163424
1892884078
1474509008
545907729
199712240
879570835
1465966466
459364673
998196184
1894962957
1015328844
1828286439
569676032
67624276
1139405230
389207851
1645217390
1938319512
1089460197
903992720
301734948
1999588625
1296786382
971533977
277779222
1082642548
698877554
1338114184
1229909190
253424257
112898866
1235991618
1136558718
746024121
410757776
1504278862
1538823721
1362410285
267773847
349997052
1636587215
478453874
1071626729
1343898530
1582854827
812365489
1268692579
2005550849
1271886059
1550893019
538036334
611337415
126201092
144410361
1411304933
457418286
1960668591
1041712289
825083806
16200130
53686659
1054447749
2014464152
1391795263
1202973488
1366182437
906259903
1576535448
82347861
1117332132
1238714462
313492500
1226683903
520245689
1075791137
1814495123
1308922303
1488383932
1148303814
1162854127
1054367335
772689632
771711840
486222206
547305825
1251863936
852115272
673210035
1700738475
1114700690
558090400
966288868
1828650354
1221952824
1686062213
1588484134
1285600074
635466869
319055569
85263956
1899457800
157989884
1319844233
522829103
1468219965
2061311268
1229902058
1459874207
2459727
1740970745
2100491787
701202200
297694773
117754988
22123055
1867260440
916392398
211312554
872891561
869873868
455977183
361185417
644033900
2088182738
189372328
1774449695
1314166318
150995226
1197539105
161274733
1722926137
1774090981
1596906710
521219897
1279122638
1675576559
1137825372
